(array([[[-3.3600000e-01,  9.9329996e+00, -1.5510000e+00, ...,
          4.3333173e-03,  6.4000003e-02, -6.7000389e-02],
        [-3.6800000e-01,  9.9659996e+00, -1.5570000e+00, ...,
         -1.6667247e-03,  3.1999998e-02, -3.4000397e-02],
        [-4.0099999e-01,  9.9919996e+00, -1.5610000e+00, ...,
         -5.6666732e-03, -9.9999306e-04, -8.0003738e-03],
        ...,
        [ 0.0000000e+00,  0.0000000e+00,  0.0000000e+00, ...,
          0.0000000e+00,  0.0000000e+00,  0.0000000e+00],
        [ 0.0000000e+00,  0.0000000e+00,  0.0000000e+00, ...,
          0.0000000e+00,  0.0000000e+00,  0.0000000e+00],
        [ 0.0000000e+00,  0.0000000e+00,  0.0000000e+00, ...,
          0.0000000e+00,  0.0000000e+00,  0.0000000e+00]],

       [[ 9.4300002e-01,  5.5469999e+00, -1.5110000e+00, ...,
          2.4307655e-02,  6.3000016e-02,  2.6999932e-02],
        [ 9.2600000e-01,  5.5580001e+00, -1.5140001e+00, ...,
          2.1307634e-02,  4.6000000e-02,  3.8000088e-02],
        [ 9.5800000e-01,  5.4699998e+00, -1.5300000e+00, ...,
          5.3077200e-03,  7.8000002e-02, -5.0000209e-02],
        ...,
        [ 0.0000000e+00,  0.0000000e+00,  0.0000000e+00, ...,
          0.0000000e+00,  0.0000000e+00,  0.0000000e+00],
        [ 0.0000000e+00,  0.0000000e+00,  0.0000000e+00, ...,
          0.0000000e+00,  0.0000000e+00,  0.0000000e+00],
        [ 0.0000000e+00,  0.0000000e+00,  0.0000000e+00, ...,
          0.0000000e+00,  0.0000000e+00,  0.0000000e+00]],

       [[ 7.5240002e+00,  1.3144000e+01,  3.6000001e-01, ...,
         -4.9999356e-04, -7.5999834e-02, -5.5999946e-02],
        [ 7.5310001e+00,  1.3253000e+01,  3.6100000e-01, ...,
          4.9999356e-04, -6.8999864e-02,  5.3000260e-02],
        [ 0.0000000e+00,  0.0000000e+00,  0.0000000e+00, ...,
          0.0000000e+00,  0.0000000e+00,  0.0000000e+00],
        ...,
        [ 0.0000000e+00,  0.0000000e+00,  0.0000000e+00, ...,
          0.0000000e+00,  0.0000000e+00,  0.0000000e+00],
        [ 0.0000000e+00,  0.0000000e+00,  0.0000000e+00, ...,
          0.0000000e+00,  0.0000000e+00,  0.0000000e+00],
        [ 0.0000000e+00,  0.0000000e+00,  0.0000000e+00, ...,
          0.0000000e+00,  0.0000000e+00,  0.0000000e+00]],

       ...,

       [[ 6.3460002e+00,  1.5421000e+01,  4.6100000e-01, ...,
         -5.0000846e-04,  2.6000194e-02, -1.9000473e-02],
        [ 6.3249998e+00,  1.5508000e+01,  4.6200001e-01, ...,
          5.0000846e-04,  4.9998094e-03,  6.8000376e-02],
        [ 0.0000000e+00,  0.0000000e+00,  0.0000000e+00, ...,
          0.0000000e+00,  0.0000000e+00,  0.0000000e+00],
        ...,
        [ 0.0000000e+00,  0.0000000e+00,  0.0000000e+00, ...,
          0.0000000e+00,  0.0000000e+00,  0.0000000e+00],
        [ 0.0000000e+00,  0.0000000e+00,  0.0000000e+00, ...,
          0.0000000e+00,  0.0000000e+00,  0.0000000e+00],
        [ 0.0000000e+00,  0.0000000e+00,  0.0000000e+00, ...,
          0.0000000e+00,  0.0000000e+00,  0.0000000e+00]],

       [[-7.8439999e+00,  1.0611000e+01, -1.7290000e+00, ...,
          3.0000210e-03,  7.6000139e-02, -2.8999940e-02],
        [-7.8990002e+00,  1.0615000e+01, -1.7350000e+00, ...,
         -3.0000210e-03,  2.0999832e-02, -2.5000229e-02],
        [-7.9239998e+00,  1.0579000e+01, -1.7320000e+00, ...,
          0.0000000e+00, -3.9997865e-03, -6.0999528e-02],
        ...,
        [ 0.0000000e+00,  0.0000000e+00,  0.0000000e+00, ...,
          0.0000000e+00,  0.0000000e+00,  0.0000000e+00],
        [ 0.0000000e+00,  0.0000000e+00,  0.0000000e+00, ...,
          0.0000000e+00,  0.0000000e+00,  0.0000000e+00],
        [ 0.0000000e+00,  0.0000000e+00,  0.0000000e+00, ...,
          0.0000000e+00,  0.0000000e+00,  0.0000000e+00]],

       [[-9.6260004e+00,  2.8457001e+01,  3.0199999e-01, ...,
          0.0000000e+00,  5.3999595e-02,  5.7000734e-02],
        [ 0.0000000e+00,  0.0000000e+00,  0.0000000e+00, ...,
          0.0000000e+00,  0.0000000e+00,  0.0000000e+00],
        [ 0.0000000e+00,  0.0000000e+00,  0.0000000e+00, ...,
          0.0000000e+00,  0.0000000e+00,  0.0000000e+00],
        ...,
        [ 0.0000000e+00,  0.0000000e+00,  0.0000000e+00, ...,
          0.0000000e+00,  0.0000000e+00,  0.0000000e+00],
        [ 0.0000000e+00,  0.0000000e+00,  0.0000000e+00, ...,
          0.0000000e+00,  0.0000000e+00,  0.0000000e+00],
        [ 0.0000000e+00,  0.0000000e+00,  0.0000000e+00, ...,
          0.0000000e+00,  0.0000000e+00,  0.0000000e+00]]], dtype=float32), array([[  0,  62,  -3],
       [  0,  34,   5],
       [  0,  82,  47],
       ...,
       [  0,  96,  39],
       [  0,  66, -50],
       [  0, 177, -61]]))